id,EAP,HPL,MWS
id02310,0.0012966873236759816,0.00029355562422924016,0.9984097570520897
id24541,0.9998127433778385,0.0001257960310352549,6.146059112312537e-05
id00134,0.3535901010006781,0.6463794942153638,3.040478396782591e-05
id27757,0.163628009401591,0.8363718820433325,1.0855506393977454e-07
id04081,0.9827901899489194,0.00952924077861093,0.007680569272468019
id27337,0.8327207483061836,0.16725655692674535,2.2694767082211352e-05
id24265,0.43703938316444946,0.544356754821999,0.018603862013550125
id25917,0.006265596528243834,0.011610843701976093,0.9821235597697865
id04951,0.999779110650414,0.0002208662969535312,2.305263257722409e-08
id14549,0.7972809710812385,0.03366024496932718,0.16905878394943408
id22505,0.00018969705245091236,0.00042080951502549563,0.9993894934325184
id24002,7.605070561820039e-08,0.999999894329312,2.9619972983646356e-08
id18982,0.77123797960167,0.19878216768495863,0.02997985271338151
id15181,0.0024968104400371516,0.9974748336072964,2.8355952663109642e-05
id21888,0.6133781404766672,0.12572700757046726,0.26089485195286527
id12035,0.00011611544851750023,3.966604377413053e-05,0.9998442185077049
id17991,0.3070204706656826,0.0793785588156539,0.6136009705186626
id10707,0.9999993852693378,8.504160077276058e-09,6.062265122826019e-07
id07101,0.04523180981494041,0.18975233040675946,0.7650158597782937
id00345,0.3004389274708853,0.6990993533535238,0.00046171917559396556
id05912,0.9788690208549146,0.007068106205967146,0.014062872939120058
id13443,0.9999948223336508,6.426153415962149e-07,4.535050997830151e-06
id09248,0.2503632615138016,0.12904017016517239,0.6205965683210263
id17542,0.0056829670178296324,0.9929093532203681,0.0014076797618016973
id06995,0.001690823743848336,1.2917863392897202e-06,0.9983078844698117
id25159,0.9472855018567533,0.000904865622322783,0.051809632520923056
id25729,0.6531805878729764,0.34246292599007433,0.004356486136952748
id26949,0.9854902769439594,0.005902921410603679,0.0086068016454398
id27191,0.8375037521621205,0.002568150022130871,0.15992809781573877
id07668,0.030055874785961313,6.983865183941142e-08,0.9699440553753808
id02230,0.04817348221718651,0.35165011134732393,0.6001764064354937
id15553,0.9999998830728101,6.807165166811064e-08,4.885553137661591e-08
id25688,4.433586139891482e-06,0.9999906116402033,4.9547736473577674e-06
id17545,0.9922828074258452,0.0023939939722551133,0.00532319860190321
id13929,0.04907075409464505,0.16529208758537914,0.7856371583199773
id12880,0.7615725803006298,0.02682901893991713,0.21159840075945094
id19282,0.6278349924449226,0.052285825802946,0.31987918175213115
id14690,0.003997532747904385,0.0003553252883777636,0.9956471419637191
id17975,0.001276349798224696,0.9969733819777984,0.0017502682239824018
id08037,0.7860020845731056,1.2068692388177695e-05,0.21398584673451962
id15412,0.06677782923490963,0.004951809074446553,0.9282703616906434
id25032,0.18736012813821248,0.14672013666064812,0.6659197352011396
id27165,0.9998814522262092,1.5381174324196013e-05,0.00010316659947021373
id03327,0.04109297616503783,0.9566062976745839,0.0023007261603791933
id18515,0.9310560379861563,0.00042233600779918983,0.06852162600604797
id21003,0.09271786743110681,0.0033711910692519453,0.9039109414996477
id23855,0.000231054229661017,0.9207061744074551,0.07906277136288369
id20724,0.6714652643227678,0.2177344009866748,0.11080033469055615
id13303,0.861108815481295,0.0005699947954935609,0.1383211897232107
id16521,2.5466759885230345e-05,0.06213176282984239,0.9378427704102671
id20775,0.9999998813814911,1.1842317118555379e-07,1.9534273954844182e-10
id13029,0.9996939158194146,3.271743234146359e-05,0.0002733667482369688
id14660,0.9087990044535106,0.07960100466953672,0.011599990876955499
id11028,9.331547297181437e-05,7.768260664264208e-06,0.9998989162663657
id14180,0.9982170933395064,0.0010956998070809282,0.0006872068534089869
id25860,0.9999999981743883,1.7860834522628115e-09,3.951805930169662e-11
id11910,0.6070324002058116,0.03051923415896948,0.36244836563521576
id08065,0.37562360973738257,0.10946427588777512,0.5149121143748455
id22674,0.0001278828967564733,6.738873556980251e-07,0.9998714432158886
id25018,0.04487848647500855,0.0029260129468955125,0.9521955005780944
id10892,0.0003113600324226627,0.9996535345049349,3.510546265603073e-05
id10217,0.04120504744137021,0.9587634609739065,3.149158473694643e-05
id12996,0.5192628966590009,0.1878408913262698,0.29289621201472954
id18262,0.5873044326273824,0.1631557411876959,0.249539826184932
id08606,5.481956804192178e-07,0.999998699721736,7.520825720330131e-07
id17233,0.9463968662571255,0.016168851843032513,0.03743428189984292
id00101,0.7745353150686444,0.05563355438383643,0.16983113054751794
id12225,0.9534350007113824,0.038155742737900324,0.008409256550716735
id01364,0.023790029319142182,0.9732080067576538,0.0030019639232057574
id24973,0.9912817246251219,0.004292880075563594,0.004425395299316655
id25363,0.5246414523834768,5.797072660994722e-08,0.47535848964580774
id10061,0.4981017161136694,0.0007315796789768311,0.5011667042073474
id17673,0.00451729079539859,0.9944856705964682,0.0009970386081287275
id13249,0.7234917376765491,0.0361083387799995,0.24039992354345271
id10107,0.0002363354998075245,3.6236449975762275e-05,0.9997274280502139
id04403,0.9960789522590482,8.761959498015807e-07,0.003920171545007981
id25728,0.921412087007353,0.009218212070101393,0.06936970092254251
id16184,0.635136363889029,0.14094110203372553,0.22392253407724397
id03438,3.699177028938426e-06,4.4170709536560285e-09,0.9999962964059053
id22923,0.00247684335535481,0.9974914458671624,3.171077748461462e-05
id08610,0.9966749818811955,0.00024328641128223928,0.0030817317075220703
id25355,0.008395376475479631,0.006720827850510709,0.9848837956740124
id16916,0.4195411759080941,0.5593956804971343,0.021063143594772835
id12793,5.497302139999494e-05,0.9999444389788313,5.879997637730896e-07
id11859,0.6473389569244349,0.016676948681047927,0.3359840943945171
id02434,0.9999999997192504,9.690956112616164e-11,1.838533491214235e-10
id27703,0.00012135515221468596,1.6458933885324277e-05,0.9998621859139037
id25212,0.002145733123446924,0.997851297964321,2.9689122335156274e-06
id11308,0.08764703945221665,0.22266247815540083,0.6896904823923843
id26094,0.9808203592105093,0.010113020590838117,0.009066620198652755
id22080,0.710076541316993,0.28560190922938244,0.004321549453623464
id03545,0.9976687799856223,0.0023273944906417638,3.825523733715442e-06
id23725,5.035942242436123e-05,0.00021359064975539044,0.9997360499278185
id12009,0.8603347318242044,0.07173662275603207,0.0679286454197601
id24241,0.2817045508494002,0.14346954970779704,0.5748258994428037
id03596,0.00017311236744307337,0.9998121353540909,1.4752278455043336e-05
id10749,0.7164687838246863,0.1248958590786978,0.1586353570966142
id22794,5.031448865459162e-06,2.5031358152977975e-06,0.9999924654153094
id15482,0.599932077671763,0.02738408477991816,0.3726838375483216
id04833,0.8224402483034448,0.1698425149256118,0.007717236770949479
id00397,1.1826640858606074e-05,1.3407132797452486e-13,0.9999881733590038
id14691,9.829849826731943e-08,2.6471833805236437e-08,0.9999998752296697
id05193,0.02666950027985547,0.0018054650195469077,0.9715250347005953
id19541,0.9818602176467319,0.00028347854275878885,0.017856303810495182
id22166,2.1879626202039504e-08,4.523811446896548e-09,0.9999999735965733
id20744,0.01735809750418937,0.0006360553134733619,0.9820058471823441
id10392,3.942288053261654e-09,9.35224556870801e-11,0.9999999959641741
id00770,0.9986897433920893,0.0009058111489877425,0.0004044454589190334
id06018,0.04603345979419838,0.9472997458213985,0.006666794384405933
id15678,0.007877448282881554,1.9174910430700146e-06,0.9921206342260724
id08305,0.5187340433364183,0.4484367077906892,0.032829248872892965
id08903,0.20096072204961238,0.0840262939581936,0.7150129839921926
id14752,0.5927565296539105,0.4048801352573864,0.0023633350886986927
id12468,0.0002034906630862918,0.9997916087554003,4.900581519263248e-06
id05085,0.5457021396374243,0.45135158498061867,0.002946275381956814
id21993,0.012178746404966823,0.0001686935300411864,0.9876525600649924
id15503,0.8881250567634933,0.0618752735798206,0.049999669656687735
id03021,6.635433832516924e-14,0.9999999999976126,2.3184137084813544e-12
id16123,0.9999999965588131,3.175400165815958e-09,2.657805297054428e-10
id19383,0.999985730402704,1.2793519496478624e-05,1.4760777883303636e-06
id04186,0.9999885685037228,8.985981704328868e-06,2.445514569993213e-06
id17954,8.066214020370713e-07,1.1830193054797967e-11,0.9999991933667742
id12030,0.07933618743997427,0.004866639229541656,0.9157971733304833
id13020,0.8963345917904763,0.10341953827625386,0.000245869933270147
id25327,0.0001294812661104649,0.036254982959230825,0.9636155357746458
id16344,0.13127187935775675,0.14595807794566126,0.7227700426965841
id12303,0.05540922045690599,0.8605624596266837,0.08402831991640772
id15017,0.9999974817082934,2.5152847660635028e-06,3.0069643271452845e-09
id22308,0.2620332040112261,0.014289075721834188,0.7236777202669356
id06536,1.1859782882658489e-06,6.043847776501391e-06,0.999992770173934
id19797,0.012700204872353047,0.5652989458252636,0.4220008493023842
id06332,0.42414601409210845,0.5018099001542955,0.07404408575360014
id22941,0.621112348137698,0.06822126469987279,0.3106663871624233
id13547,0.0029156230088058736,0.004193478814350146,0.99289089817684
id06928,0.003140191967848726,4.095509110873751e-06,0.9968557125230364
id12521,0.9351230292084076,0.06468405848951023,0.000192912302083657
id25716,0.48202819160441174,0.02234730064339179,0.49562450775219574
id27116,1.4307512175169269e-08,1.5285224870553315e-09,0.9999999841639636
id19941,6.376646601625273e-05,0.9977920059655966,0.0021442275683932065
id05711,8.208494953265205e-07,1.6081151406424684e-05,0.9999830979990989
id02097,2.0037179796517126e-05,4.0348621040827435e-05,0.9999396141991644
id03563,0.00018212650911711165,0.9998162354932347,1.63799765198694e-06
id02295,0.363637809900571,0.370094760209107,0.2662674298903219
id08179,1.0,5.134340155427874e-16,1.07689847118177e-14
id05332,0.0024832644963058937,0.9849435945751979,0.01257314092849485
id15697,0.26009657838780165,0.0049124838121859,0.7349909378000186
id17026,0.00895501694457436,0.000557108121538793,0.9904878749338888
id04243,0.9787434198145324,0.009254174749379626,0.012002405436084955
id13175,1.0,1.0297455528169435e-20,5.1794147457583316e-23
id05387,0.9996026610183086,2.3350225846987113e-05,0.00037398875584093553
id19989,0.9211005262079583,0.023405717025403214,0.05549375676664009
id25173,0.6470235393991469,0.00416578927779046,0.34881067132306476
id08925,0.0012450185835664914,0.9985982493399529,0.00015673207647962033
id03034,0.004038385342009466,0.9832967901448978,0.012664824513094083
id13272,0.0006415510142613047,0.9992554759290255,0.000102973056707913
id07956,0.9643799337638389,0.000887035870409323,0.034733030365758484
id02648,0.003870693940145196,0.0004956113861272578,0.9956336946737261
id01778,0.042284804028852825,2.094347505888144e-05,0.9576942524960838
id12846,2.528635954401131e-06,4.89110561250397e-10,0.9999974708749314
id19001,0.14345828615379863,0.002278802807027851,0.8542629110391738
id05763,0.9593087010009643,0.004185226925762457,0.03650607207327704
id15590,1.351775512528248e-05,1.2515077984595277e-05,0.999973967166897
id04912,0.7843558600432776,0.10780887416436913,0.10783526579234869
id21201,0.9746208527054037,0.019964707477542205,0.005414439817053612
id13215,0.9987588282541975,0.0003187921845043272,0.0009223795612999131
id15612,0.06671109560476102,0.7371005429290813,0.1961883614661606
id18501,0.0019089983640549848,0.003898376460141235,0.9941926251758049
id07223,0.19771409208875573,0.6894042030488033,0.11288170486244137
id06707,0.9098177259168998,0.03624005991320333,0.05394221416989315
id05238,1.9363698865410972e-07,0.9999997980900366,8.272986387903797e-09
id00935,0.002093840757277489,0.003664934939332196,0.994241224303387
id00110,0.8753541570699825,0.0029781429269733206,0.12166770000305194
id17476,0.9970784414910059,0.0010642367848955638,0.0018573217241027637
id15170,0.9999904892871794,7.5825914841647675e-06,1.9281213357845234e-06
id13397,0.21022306145445674,0.06063562530680716,0.7291413132387393
id24283,0.5123209263098348,0.06704415448681257,0.42063491920335694
id15234,0.9963339436613667,0.003506792993471442,0.0001592633451639231
id16884,0.6240690777361034,0.049902861653622024,0.32602806061026995
id07831,0.24625170320432369,0.679452393137248,0.0742959036584263
id16038,0.923588491648863,0.062242777238457364,0.01416873111267873
id03629,0.8443611841537024,0.01663475655637332,0.13900405928992526
id21019,0.7250345778118268,0.1202951584494294,0.15467026373874265
id21835,0.3856152884441261,0.10799888698061609,0.5063858245752559
id04480,0.016349360321649013,0.9836098874034948,4.0752274849701394e-05
id20838,0.8399988611702826,0.15264704244849814,0.007354096381219173
id24195,0.34588373515268606,0.2750484435714163,0.37906782127589805
id05448,0.9675547378658101,0.02983968917325545,0.002605572960928324
id15957,0.01005990579448653,0.9893154733872545,0.0006246208182581951
id19956,0.0006111563608551912,8.246618232065675e-07,0.9993880189773255
id15104,0.0008409454982939364,0.004105705357552007,0.9950533491441487
id17559,0.6734106475116958,0.22129049551181387,0.10529885697648754
id16839,0.15119716218262083,0.0854202423061648,0.7633825955112187
id14493,0.2913816088925067,0.016114091379662604,0.6925042997278276
id08833,0.2079504795373803,0.0015942881240408094,0.7904552323385828
id15723,0.10478146824058324,0.18388783839643236,0.7113306933629843
id02716,0.9998341122018166,1.3782572534028505e-07,0.00016574997245574308
id06689,0.0011358368349250031,0.9986803024188533,0.0001838607462279609
id18837,0.22149608585464936,0.3876770066405961,0.3908269075047542
id04466,0.9991042503060327,0.0003681057225436361,0.0005276439714186585
id00686,0.9992695935252572,5.062392220564263e-07,0.0007299002355280002
id09010,0.07091323713899245,0.9281582689551012,0.0009284939059084408
id23353,0.8188951998462637,0.04492451272789014,0.13618028742584867
id00066,0.9288279063167456,0.036034207530211214,0.03513788615304214
id15724,0.023238942268882536,0.8117117516594744,0.16504930607164617
id23486,0.0280516001255993,0.001951839161096193,0.9699965607133034
id22258,0.009067149902314591,0.002368389048419547,0.9885644610492706
id02292,0.6741313826882693,0.15696837115935663,0.16890024615237248
id16356,0.2240590909438499,0.00011449016715351015,0.775826418889005
id00235,0.9997013066380424,4.949189143939117e-06,0.0002937441728181554
id25522,0.0006225757455368418,1.3220744761613877e-06,0.9993761021799905
id04204,0.0052623389756897235,0.9872546249155537,0.0074830361087580574
id22016,0.4444667053213345,0.08369717915820188,0.47183611552046484
id06480,0.0008456839506580694,0.9991253654336182,2.895061571609173e-05
id08718,0.12267257139696706,0.02095824104865523,0.8563691875543751
id05251,5.759945130957668e-06,0.9999893227565504,4.917298306183588e-06
id03359,0.9419075037280962,0.0050101825545944565,0.05308231371731234
id16117,7.88843550986179e-05,1.882308949058191e-06,0.9999192333359581
id17000,5.6646773183932704e-05,0.9999429997906505,3.5343617184625294e-07
id01730,0.0011034076899961282,0.9987922802589811,0.00010431205101268167
id00630,0.28119622162060337,0.7054856702791591,0.013318108100233067
id18175,0.028203635102628064,0.001210719397568846,0.9705856454998012
id00907,0.9682248179423051,0.021641118698521783,0.010134063359169058
id18251,8.988898824569868e-05,0.9999099077661668,2.0324558540597243e-07
id25861,0.7969467623059729,0.12080117456897327,0.08225206312505463
id00398,0.8089144050507033,0.03464933354483839,0.1564362614044594
id27573,0.9999641828199951,1.505254820794252e-08,3.580212745701511e-05
id10022,6.376410089700033e-07,0.9995117429793761,0.00048761937959966817
id15901,0.0012981735479941038,2.5034324098047055e-07,0.998701576108758
id00451,0.006785718571079657,0.0020734802944372094,0.9911408011344872
id23129,0.003935124122067271,0.995083818216357,0.0009810576615786168
id26498,0.0825086952440855,0.8518407852970927,0.06565051945882733
id14741,0.6223366809132634,0.06417982317096459,0.31348349591577496
id18453,0.06034442983825828,0.003486241786930287,0.9361693283748127
id08309,0.9623764087393936,0.006806785526787658,0.03081680573381821
id00320,0.9999887366217544,7.270109432719843e-07,1.0536367295710446e-05
id07688,0.02500061685095932,0.0021689458755455742,0.9728304372734932
id01556,0.0011640966680241988,4.4497478645153303e-07,0.9988354583571882
id00178,0.43474858705429764,0.0015987709461079914,0.563652641999606
id18902,0.002043234908106865,7.491150816509525e-05,0.9978818535837221
id27002,0.5509973793526209,0.37455739857616466,0.07444522207121294
id21418,0.9999996063798655,3.935985863461966e-07,2.1546462292805496e-11
id23018,0.28608175553567244,0.10908412703352643,0.6048341174308023
id07032,0.5654110935537863,0.11517443837388754,0.3194144680723285
id16195,0.9960010835672937,3.987242471088626e-06,0.003994929190241818
id11202,0.011569408130955973,0.9779550165314422,0.010475575337604976
id09578,0.5971134968575038,0.07883592795767018,0.3240505751848244
id26984,0.7952792768404965,0.00834877975890699,0.19637194340059513
id19856,0.0008140141447420602,0.998878607354689,0.0003073785005653302
id12086,0.6725534112804314,0.06010204754009154,0.26734454117947465
id12052,0.003074394946628772,0.017471928711290104,0.9794536763420825
id17728,4.386257108822553e-06,2.7086288400983476e-08,0.9999955866565999
id24608,0.44836080335070594,0.010025782541448421,0.541613414107847
id21097,0.011889936498398191,0.0011616692812316306,0.9869483942203633
id20179,3.045977266508355e-08,5.559473597611549e-13,0.9999999695396586
id15144,0.28842911328718795,0.6387005937229866,0.07287029298982574
id00206,0.9751321985408206,0.005301488426210731,0.01956631303296513
id22285,0.004527898423242404,0.00024371509933368042,0.9952283864774263
id06417,0.10658945420217986,0.5283482977249094,0.3650622480729075
id00215,0.005354590948671599,0.9945851863288272,6.022272250002237e-05
id04201,0.006637680264660587,0.00012872543833343522,0.993233594297005
id21771,0.974209250668245,0.020200290031516504,0.0055904593002390765
id12451,0.005274021056866678,0.037642503773778604,0.9570834751693597
id14250,0.011181681206520258,0.9049554882982249,0.08386283049525646
id03433,6.973575411606892e-05,0.999847280535163,8.298371072695888e-05
id03303,0.008908054671045355,0.0008152514160747032,0.990276693912881
id25901,0.3811382302600728,0.35321193644757154,0.2656498332923577
id06945,0.9472662725573833,9.851358232023635e-05,0.05263521386030191
id05664,0.12371696112016961,0.5426883365302781,0.33359470234955513
id05741,0.9999979784022883,2.515817483194017e-09,2.0190819011195745e-06
id10652,0.5148730801229666,0.19106743217886465,0.29405948769816737
id16300,0.9997007695577207,6.65621174733579e-06,0.00029257423052213305
id12319,0.15542402312388706,0.12450051791234393,0.7200754589637713
id07500,4.265110521584639e-05,0.9999572156286961,1.332660884698652e-07
id12478,0.3257190921256531,0.3034912764903565,0.3707896313839902
id03076,0.008794242495555153,3.730821818563514e-05,0.9911684492862601
id00969,0.09854054290346335,0.8066581168270489,0.09480134026949119
id23636,0.05970122947724563,0.66007156893016,0.2802272015925942
id09791,0.01137639081009343,0.011090975826997109,0.9775326333629161
id05680,0.002326155640499875,0.07490352118390617,0.9227703231755928
id03672,0.008289599860653417,0.9908556300807876,0.0008547700585678928
id04286,0.0004680908656936436,0.9967894596634653,0.0027424494708419875
id23883,3.07416335613765e-05,0.05496216195944594,0.9450070964069834
id11914,0.7109371474446498,0.006026057131308958,0.28303679542403987
id20974,0.019591599321545555,0.9781461125893851,0.0022622880890787863
id26125,0.0001801489570283383,0.0014274453580261019,0.9983924056849479
id15543,0.2719783225639609,0.01964188684682741,0.7083797905892154
id19471,0.9999990727724146,3.023776558170194e-07,6.248499241615703e-07
id11503,0.9390775469172944,0.05266359154669564,0.008258861536010003
id09321,0.0008551752554155691,0.9922681223902937,0.006876702354289954
id25560,1.2960906323883342e-10,9.990460513115052e-10,0.9999999988713455
id06726,0.39973334683065004,0.12467468966477378,0.475591963504579
id05709,0.9953593431926014,9.222722397396799e-05,0.004548429583424413
id09788,0.09293036477887218,0.26328357485317433,0.6437860603679539
id05289,0.9999999944876379,5.469223525755909e-09,4.312914033796797e-11
id11815,0.00034911472738408865,0.999564194330072,8.669094254239544e-05
id22422,0.6223339741446158,0.3025463062689724,0.07511971958641246
id25954,0.9939598109982624,0.0004205462070628571,0.005619642794679281
id13601,0.40279449104183745,0.42582775180661786,0.171377757151546
id05677,0.8833610756359473,5.4620265512739286e-05,0.11658430409854233
id10498,0.0001772945664208126,0.9998214511718287,1.2542617541078457e-06
id02665,0.25038037307921635,0.7250455837159986,0.024574043204787573
id10114,0.00030935470658022556,0.9739418667249032,0.025748778568508233
id26314,0.9353639197958268,0.055420182241358425,0.00921589796282029
id21240,0.0740113778887068,0.12981945374618506,0.7961691683651048
id15569,0.99528784415808,0.0046587772100113375,5.337863191911732e-05
id25928,0.08635457814811025,0.013750095714359305,0.8998953261375299
id22706,0.0004337442174306488,0.9995600142392522,6.24154331137216e-06
id20877,4.8371762242144574e-05,0.999787071402071,0.00016455683568599504
id04318,0.7933925751068629,0.044964152097811697,0.161643272795322
id18299,0.008704843712398404,0.9823831441522205,0.008912012135382062
id08126,8.579676375396142e-05,4.554957805471274e-09,0.9999141986812882
id14293,0.5775587314541302,2.8453365004980674e-05,0.4224128151808646
id12759,0.9999589544576398,1.223374306497606e-05,2.8811799293962854e-05
id11983,0.5323215498048647,0.008634804835562932,0.4590436453595702
id05580,0.021733678397400008,0.9374909125213166,0.040775409081280134
id25846,0.1651933764857442,0.18805793833627704,0.6467486851779769
id01939,0.27381842073330964,0.02881649076892121,0.6973650884977697
id26327,0.0337484458975499,0.5026858329152728,0.46356572118717776
id11068,0.003876528373394313,0.000496852747481437,0.99562661887913
id08404,0.9995777807154878,3.169909712274255e-06,0.00041904937479114805
id27189,0.9561727477977253,0.043144783467410804,0.0006824687348757625
id15119,0.06493370163133368,0.8896588813867267,0.045407416981934456
id26525,0.992969574878508,0.001211619595643475,0.005818805525847984
id03618,0.8584270300119,0.08725767519925995,0.05431529478883951
id27220,0.999959300661363,3.0002211686839283e-05,1.0697126945271536e-05
id18777,0.12576720069433853,0.03614850945364638,0.8380842898520148
id20213,0.8896729039804686,0.04488909965763528,0.0654379963618933
id20403,0.9760321350785516,0.02140347891953306,0.002564386001913224
id03777,0.00019322507290647957,0.0012215387760820073,0.9985852361510256
id10595,0.0004787253842453622,0.9994079333011269,0.00011334131463906668
id13816,0.09513050893585455,4.9171511746428146e-05,0.9048203195523989
id05667,0.007767232312031052,0.0019773081663580663,0.9902554595216156
id24629,0.3813124144001847,0.03070078844026396,0.5879867971595519
id20398,0.04482430847253839,0.06228514866668806,0.8928905428607797
id14108,2.4534068780687027e-05,1.4861067319644712e-05,0.9999606048638975
id06196,3.800644188728842e-05,0.9999579721308204,4.021427292801004e-06
id02800,0.2902844138137537,0.5469131720750627,0.16280241411117663
id18732,3.181183085367666e-05,0.9999295196582925,3.8668510848873575e-05
id11915,0.001875681943828215,0.9967265343889253,0.0013977836672480234
id09739,0.887460693129869,0.08724934460953218,0.025289962260600273
id24672,0.9998675314528063,0.0001203429325684315,1.2125614621146878e-05
id00414,1.8065191158858013e-07,0.00027763934238255947,0.999722180005703
id16307,0.999528560682198,0.0002360081366034599,0.00023543118120390982
id14043,0.24685148155784373,0.04329089165974751,0.7098576267824053
id00517,7.312207996749533e-14,3.8631672996347e-15,0.9999999999999147
id09744,0.9999758272153854,2.417207925771875e-05,7.053566587021479e-10
id19257,0.9902107262913512,0.0019165931765142284,0.007872680532134416
id15437,0.4743292395182913,0.5161117204256638,0.009559040056041251
id16352,0.004456488675610403,0.004259047269238211,0.9912844640551531
id18849,0.6269911652307372,0.06566964545496766,0.3073391893142945
id19434,3.059322389442048e-09,0.9999999917536257,5.187050449600552e-09
id17928,0.06907453578036278,1.0412451367570137e-05,0.9309150517682645
id16896,0.0069278515483743135,0.00012248459675995402,0.9929496638548639
id02135,0.33011926987867374,0.2910934830375879,0.37878724708373607
id15075,0.9920173237900137,0.0070687347143120385,0.0009139414956708909
id27486,1.1241241331452904e-05,0.9999765518423265,1.220691634987278e-05
id19422,0.9771513579094688,0.020385915886096746,0.002462726204431016
id09603,0.01017845848114056,0.9769156927220708,0.012905848796781775
id02133,0.022333971509587332,0.9758984611238665,0.001767567366547456
id03441,0.8855042033263648,0.0002901518422155969,0.11420564483141926
id02398,6.558526701407299e-05,0.9999333195337483,1.095199243641819e-06
id05152,0.04869943799843733,0.00011685316480183663,0.9511837088367607
id17838,0.13557073251902269,0.003727349723511994,0.8607019177574617
id25060,0.9999992289647667,6.436786665246683e-07,1.2735655396194108e-07
id09998,0.0019698326662369475,0.0015512586416482033,0.9964789086921094
id01828,0.0039018297344160934,0.988550068210182,0.007548102055400773
id25377,0.24985981365206078,0.004901497350147118,0.7452386889977922
id22175,0.002673853800924601,0.9964419595695139,0.0008841866295545317
id02974,0.05838476146640684,4.745290416284689e-05,0.9415677856294242
id26955,0.9995810206711271,0.0003868406199027326,3.213870896395434e-05
id21091,0.9994297724777151,0.000543302935810753,2.6924586483613e-05
id12802,0.9998950944556128,9.415753306941226e-05,1.0748011316560471e-05
id07432,2.2847726813438903e-11,0.9999999999196234,5.752385055483778e-11
id18749,0.09730424453255002,0.4130310196611396,0.48966473580631714
id15030,3.6457780813258962e-06,2.8989831558311108e-05,0.9999673643903733
id17155,0.0005042866299113029,0.999491045849222,4.667520875247888e-06
id08128,2.109731355967342e-06,0.9988450037988849,0.0011528864697588404
id25706,8.898496491837414e-08,0.9959404940166751,0.0040594169983526095
id15645,0.922054449649131,0.055689028048588926,0.022256522302279345
id04943,0.9446298006273371,0.01814368464682845,0.0372265147258408
id27566,6.7575455398909595e-06,2.412110473741682e-06,0.9999908303439954
id11765,0.20785644556145882,0.10149154794550672,0.6906520064930409
id13783,0.14246650905726316,0.6785447281785475,0.17898876276418907
id00492,0.0012503686314612177,0.00011616139189375971,0.9986334699766455
id27636,0.0006939161080010656,0.0005001113682880963,0.9988059725237132
id04273,0.9994605573647851,0.00031283693191084736,0.0002266057033162856
id02537,0.2145981338687784,0.2780947501604427,0.5073071159707795
id24349,0.9637169743307663,0.03592358982113213,0.0003594358481028579
id00023,1.0984727656608538e-07,0.9999922341184507,7.65603428090918e-06
id23025,0.007482282050700169,0.9924987229258689,1.8995023436865675e-05
id08722,0.8699428653288593,0.00835511482962959,0.12170201984151066
id02420,0.9999996718254037,3.28142659743669e-07,3.193111501629739e-11
id10811,0.9987492294644675,0.00011252017575254568,0.0011382503597758583
id04019,3.915352681976376e-05,2.4743113133732393e-05,0.9999361033600591
id18334,0.9929939174367232,0.006211181244838558,0.0007949013184388447
id16781,0.4219280452495958,0.5286225771890412,0.049449377561362064
id08773,0.06603703645781357,0.9336702068721334,0.0002927566700589466
id19214,0.08512420065858,0.7314101935869636,0.18346560575444965
id09589,7.559479519178805e-06,0.9992086425146782,0.0007837980058074717
id24246,0.9961168083427365,0.0006445360243884418,0.003238655632887659
id23577,0.4695628598906781,0.5298095191996278,0.0006276209096938714
id09305,0.8885280066179915,0.0076243420596388495,0.10384765132236963
id16460,0.7980647068533147,0.024680208291603088,0.17725508485508415
id21115,0.5486965362948774,0.13083838673794,0.3204650769671837
id25996,0.1828565061855785,0.21883459588851548,0.5983088979259088
id02551,2.9511278967728723e-07,1.2715025587672797e-05,0.9999869898616182
id19352,0.00014177033776639595,1.2195268623123415e-07,0.9998581077095541
id03806,0.005867770413492251,3.189196506153302e-05,0.9941003376214514
id26544,0.7844593639049549,0.015853654352229022,0.1996869817428176
id18761,0.9997891412470901,1.0808903435899728e-05,0.00020004984947032126
id24148,0.09621401748331725,0.9028159553269333,0.0009700271897611485
id16095,0.008167069028263195,0.9883563904587689,0.003476540512974061
id18442,0.5918595043745706,0.03703443422216807,0.3711060614032684
id22596,4.6250512604940356e-11,5.1443541631269404e-14,0.999999999953701
id23002,0.013793068649958702,0.0007635063042989574,0.9854434250457396
id04797,0.9999837896174842,5.219276606514738e-06,1.0991105913884153e-05
id06610,0.022066673127574588,0.00032995471553083714,0.977603372156897
id16173,0.2631048427929204,0.6675152370383794,0.06937992016869957
id18292,0.00029655601191852667,9.174670082514949e-05,0.9996116972872647
id27328,0.9973468575130482,0.00023539773285378713,0.002417744754094275
id01695,0.04624850952544017,0.9526863487852496,0.0010651416893159979
id05761,0.8749342239156527,0.000723947556555578,0.12434182852779803
id16354,0.998717327400934,0.00040952661673360446,0.0008731459823262583
id12207,0.010967438456730157,0.5191753081580849,0.469857253385179
id05665,0.0017728073299009743,1.9494750204678575e-06,0.9982252431950779
id01911,0.9425933411670591,0.054856135426242125,0.0025505234066979573
id19153,0.00022091192745305407,0.000334945468114883,0.999444142604426
id10295,0.3170574528744606,0.6628138108470728,0.02012873627845986
id23038,0.439583387680722,0.46863269076705144,0.091783921552224
id23783,0.27118032320000235,0.7287898873556079,2.978944439664567e-05
id27879,0.9926477058334583,0.005719144326209322,0.0016331498403257055
id19190,7.090228773935389e-05,0.999914661139038,1.4436573227046895e-05
id05065,0.9996633807267915,0.00027826938170521907,5.8349891508762266e-05
id21296,0.005814318359752328,0.9931711398937288,0.001014541746512006
id13262,0.15154339809501374,0.060916975981264596,0.7875396259237196
id10333,0.999164702086187,0.00026910803133037097,0.0005661898824755904
id16677,0.00045705274823428936,0.0561469756934818,0.9433959715583019
id01392,0.12450250286795565,0.0007073201156152861,0.8747901770164304
id27874,0.5429261861295619,0.2848067123157159,0.17226710155472102
id02294,0.009928653080490632,0.9795987284637676,0.010472618455743432
id18298,0.0007062914005302195,0.0023459660083080926,0.996947742591161
id06997,0.9994552149398674,4.1371921473675786e-05,0.0005034131386555029
id05243,0.4922285819089359,0.32798389690551044,0.17978752118555397
id00860,3.531629467059357e-07,0.9998388549795153,0.00016079185754594723
id26681,0.9999544282448141,4.5142105254722665e-05,4.2964992426447167e-07
id06020,2.25869863029153e-09,4.499025213912815e-16,0.9999999977412983
id27683,0.5051284770793975,0.07694245593555518,0.41792906698505083
id17655,1.6717338491126784e-09,0.9999999983253929,2.865340446461269e-12
id08817,0.0007744724958440247,6.1022243533612973e-05,0.9991645052606228
id11512,3.5238622371524722e-06,1.8253545901189012e-05,0.9999782225918725
id00478,0.006861422768415497,0.0021266884192661963,0.9910118888123132
id02116,0.9991168856773194,0.0003126028622914296,0.0005705114603882053
id06746,0.9832046938668301,0.014002285400339447,0.0027930207328269183
id03863,0.42728008205044776,0.46004750315227944,0.11267241479727427
id01802,0.016751285320967344,0.9754518939245019,0.007796820754517652
id11682,0.9080061848885826,7.452238988510124e-05,0.09191929272152531
id04033,0.0006661034663747312,0.9681329664742392,0.031200930059387243
id09286,0.18790820884104759,0.23966700494148038,0.5724247862174853
id12904,0.9999991775715926,8.07052428759609e-07,1.537597327044074e-08
id07420,4.277875418566175e-07,1.333124411251928e-08,0.9999995588812118
id22398,2.5580771778256505e-12,0.9999999998519797,1.4545455096172948e-10
id00424,0.005109378450064242,0.00020663069650621676,0.9946839908534307
id20960,0.9982376402081027,0.001595335840181597,0.0001670239517226782
id10267,0.5577381553637765,0.3998032683463412,0.04245857628988229
id19330,0.15280554103445926,0.00016514085760978338,0.8470293181079344
id00994,1.4292950861132287e-05,0.999984087142301,1.6199068442278963e-06
id10785,0.9014251243056286,0.0331459862445225,0.06542888944984716
id00955,0.010405772004906918,0.981574108317268,0.008020119677824527
id09757,0.00012153708005656461,0.9998778963363041,5.665836344333953e-07
id10030,0.0752785535361799,0.02435633686511212,0.900365109598709
id22952,0.10801506402855328,0.07063456084541486,0.8213503751260322
id21955,1.8049588748819325e-07,1.574344024257106e-05,0.9999840760638656
id07674,0.9129923434674175,0.0009755201707592943,0.08603213636182787
id13760,3.7838212062289074e-05,0.9999621384666841,2.332125384155238e-08
id18166,0.981164704020251,0.00012849965975758745,0.018706796319995698
id23498,0.9826236856288638,0.017343721554529536,3.2592816606325883e-05
id05296,0.9985071607167031,8.94938064148621e-05,0.0014033454768822182
id26709,0.9992497765928724,3.585419153836202e-05,0.0007143692155886837
id02853,0.9972045319753782,0.002412232882145979,0.0003832351424777232
id06800,0.33099316371760357,0.23001894780963802,0.438987888472755
id14758,0.01094151134866847,0.9592969967307905,0.02976149192054937
id12356,0.9995373737678253,0.00037154430202710837,9.108193014331863e-05
id21492,0.9533451440729779,0.022695051923731575,0.023959804003290702
id27540,0.08896355715908147,2.10963114523819e-08,0.9110364217446266
id07376,0.40345770449282053,0.30484508801330884,0.291697207493858
id15201,0.8510640542623394,0.14458101117910818,0.004354934558558103
id23388,0.002103691785574928,0.9977118582299558,0.00018444998446929192
id13923,0.0016399836969729228,0.9978584492281537,0.0005015670748689232
id00794,7.87465256727627e-06,0.9998883618336875,0.00010376351375565132
id23910,0.6064843138192162,0.019962673743567853,0.37355301243720945
id02556,0.05115280374602803,0.3100963119834651,0.6387508842705062
id22151,9.970115592061609e-07,0.9999989648450438,3.8143409780325934e-08
id11698,0.21453548743912074,0.5424799248140141,0.24298458774686674
id11627,0.27366187647532797,0.18177972074524668,0.5445584027794318
id06340,0.9999980509307514,1.2333081595517298e-07,1.8257384293162748e-06
id05123,0.9099565323998449,0.02877792073483072,0.0612655468653229
id26620,8.468034992466446e-07,1.5634979226568828e-06,0.9999975896985718
id04002,0.008561117836396485,0.005488492315908819,0.9859503898477013
id26554,0.3546240636715446,0.38494120162350953,0.26043473470495143
id18012,0.0041577834786951234,0.0009560202855265601,0.9948861962357923
id12964,0.05783042645480585,0.027991981250324212,0.9141775922948685
id18965,0.0015349159911319913,0.9651152917134949,0.03334979229538369
id19082,0.012140433647954583,0.0011434308175255758,0.9867161355345255
id26742,1.3666718291163544e-05,1.778136383877048e-08,0.9999863155003493
id15442,0.01575009222185318,0.983126589113853,0.0011233186642910793
id16647,0.34567408256976095,0.1288858481437565,0.5254400692864812
id11544,0.0795061035776202,0.0012468655975039302,0.9192470308248748
id20581,0.10461707389189853,0.04581005191484602,0.8495728741932562
id13192,0.22390310890697332,0.5904902774373548,0.1856066136556686
id15814,0.17225562532773772,0.04206091831043553,0.7856834563618216
id26279,0.0019158129463536706,0.9980330023185638,5.1184735078353746e-05
id00240,0.9897325925588504,0.0038205857867053363,0.0064468216544447746
id22836,0.9999983093314678,1.082483291608585e-06,6.081852428461981e-07
id15085,6.301596707560455e-05,0.9907354687651889,0.009201515267737768
id17495,0.37152722776782166,0.010814116415256422,0.617658655816922
id26762,0.0607408776281703,0.7272789845671641,0.21198013780465857
id13685,0.9983543024777913,1.2964659659545537e-06,0.0016444010562472753
id16560,0.00021812160983988174,0.9997443055056435,3.757288452181038e-05
id17184,2.3924789313140047e-08,0.9999998702521196,1.0582309423077905e-07
id21635,0.9999917762558472,1.3002134723459984e-06,6.923530690940106e-06
id26751,0.06240172037752835,0.7783423162963333,0.15925596332614034
id12351,0.9980376968977943,0.0001506674661677831,0.001811635636044585
id14872,0.4087093901278948,0.30886607755722273,0.2824245323148822
id18372,0.9993392561985296,0.0005383703571074271,0.0001223734443620396
id26851,0.926096726609116,0.04200622394829427,0.03189704944258857
id22659,0.03997289320012751,0.9600264325102594,6.742896136316546e-07
id04102,6.96795521851066e-06,9.15006086142642e-10,0.9999930311297865
id02353,0.00033542352925835714,0.9996554465391212,9.129931615571183e-06
id26721,0.9999843750895809,1.533996343821459e-05,2.8494697283416773e-07
id11171,0.861183480029712,0.048740561081485716,0.09007595888879931
id13562,0.07297434051597863,0.7971347057755338,0.12989095370848763
id26425,0.6383783688565551,0.03154364340582001,0.3300779877376232
id26394,0.4165801987802227,0.11276664236070363,0.470653158859072
id22187,0.1486525995145865,0.8134589468820381,0.03788845360337382
id00422,0.9999936309576931,2.0253168029731738e-12,6.3690402764939925e-06
id22667,2.1225382318682935e-09,0.9999999978768699,5.782236776790913e-13
id00911,0.5699319816985884,0.40164486275276595,0.028423155548646186
id17291,0.40580083161689695,0.010908243323065548,0.5832909250600367
id01915,0.038491876315455836,0.016140390928852014,0.9453677327556863
id01434,0.022838182853827948,0.009435600868988654,0.9677262162771849
id01584,0.5914984898009003,0.04802786345456999,0.3604736467445314
id09266,0.9999790553927251,2.6239335460120227e-06,1.832067372565766e-05
id17494,0.00022559539704122722,0.9997144716711441,5.993293181675389e-05
id24919,0.08558697744074961,0.22614824683052137,0.6882647757287292
id21043,0.00044001979170434064,1.2087380842444996e-14,0.9995599802082648
id17796,7.147558395653527e-06,0.9999912454363004,1.6070053076258728e-06
id02166,0.0011821289481913255,4.923872256625813e-06,0.9988129471795608
id17503,0.9989724775832649,1.6637432958913144e-05,0.0010108849837829322
id21203,0.3236824532338572,0.20466417502093734,0.4716533717452062
id25626,0.9999999999523084,3.3839937799128164e-13,4.734759465896223e-11
id09836,0.9998745118425693,8.186238487001915e-05,4.362577255898424e-05
id24202,0.0010141955093666123,0.002122767264902994,0.9968630372257326
id27260,0.24693502737940243,0.025024764258885054,0.7280402083617098
id23167,8.80473124628441e-06,1.1716954461705772e-07,0.9999910780992096
id10393,0.007895402601823382,0.9885203072431201,0.0035842901550567716
id01171,0.9992453100936901,0.0007445970641114845,1.0092842193564399e-05
id06380,0.9914653013482306,0.0058154122492368645,0.002719286402533
id22686,0.046264773010549466,2.951011512231345e-05,0.9537057168743335
id26250,0.12529035915869613,0.003279686011497286,0.8714299548298065
id09315,0.31635803365677295,0.5877413030197094,0.09590066332351802
id00886,0.12561305953337315,0.724210695598753,0.1501762448678775
id03101,0.7215221627085284,0.14026798527514642,0.13820985201632918
id12367,0.6823403612974516,0.04752669148221517,0.27013294722033176
id10770,0.8952378614925516,0.022766950632951262,0.08199518787449575
id14949,0.00014887165614205098,0.9998449781534793,6.1501903857165155e-06
id14141,0.00023915673929095563,0.9997558705294938,4.972731220086347e-06
id25417,0.19010946409680235,0.7057901120422873,0.10410042386090457
id26873,0.17063527458982858,0.009087838603056437,0.8202768868071235
id10818,0.12994802711890513,0.008846425186122284,0.861205547694969
id15146,0.7936439995652359,0.05042141588833086,0.15593458454643297
id23328,0.8805398077936897,0.020584868580005855,0.09887532362629683
id16765,0.22748722221503473,0.72251508305298,0.04999769473197973
id24383,0.997495614398289,0.00013082147770358677,0.002373564124001146
id21304,0.8301634849428453,0.017791610263155615,0.15204490479399413
id12551,3.5809254314416174e-05,0.999964004296674,1.8644900263832004e-07
id23274,0.021903157368546602,0.013228688936915945,0.9648681536945314
id08117,0.6463912173170819,0.030636199533720692,0.3229725831491973
id23961,0.9999375047858569,4.4536226163424944e-05,1.795898798495944e-05
